  step       loss           lr         梯度範數            秒
     1     8.8149    3.000e-05       0.8127          0.4
    20     7.6088    6.000e-04       1.0630          0.9
    40     6.9442    1.200e-03       0.3753          1.5
    60     6.7764    1.800e-03       0.3551          2.0
    80     6.6475    2.400e-03       0.4682          2.5
   100     6.3556    3.000e-03       0.4401          3.1
   120     6.0609    3.000e-03       0.3703          3.6
   140     5.8685    2.999e-03       0.3927          4.1
   160     5.8106    2.997e-03       0.4225          4.6
   180     5.6716    2.995e-03       0.4176          5.2
   200     5.3237    2.992e-03       0.3945          5.7
   220     5.1269    2.989e-03       0.4324          6.2
   240     5.1124    2.985e-03       0.4470          6.8
   260     4.9589    2.980e-03       0.4222          7.3
   280     4.8606    2.974e-03       0.4370          7.8
   300     4.7059    2.968e-03       0.4264          8.3
   320     4.7130    2.962e-03       0.4576          8.9
   340     4.6677    2.955e-03       0.4227          9.4
   360     4.5695    2.947e-03       0.4188          9.9
   380     4.3777    2.938e-03       0.4203         10.5
   400     4.3065    2.929e-03       0.3945         11.0
   420     4.3672    2.920e-03       0.4286         11.5
   440     4.2780    2.909e-03       0.4137         12.0
   460     4.3467    2.899e-03       0.4286         12.6
   480     4.2454    2.887e-03       0.3993         13.1
   500     4.2052    2.875e-03       0.3919         13.6
   520     4.2415    2.863e-03       0.3962         14.2
   540     4.0882    2.850e-03       0.3906         14.7
   560     4.0129    2.836e-03       0.3912         15.2
   580     3.9750    2.822e-03       0.4078         15.8
   600     3.9605    2.807e-03       0.4004         16.3
   620     3.9780    2.791e-03       0.3940         16.8
   640     4.0191    2.776e-03       0.3891         17.3
   660     3.8831    2.759e-03       0.4031         17.9
   680     3.8110    2.742e-03       0.3840         18.4
   700     3.9293    2.725e-03       0.3802         18.9
   720     3.8504    2.707e-03       0.3645         19.5
   740     3.8166    2.688e-03       0.3773         20.0
   760     3.8408    2.669e-03       0.4088         20.5
   780     3.7523    2.650e-03       0.3608         21.0
   800     3.7356    2.630e-03       0.3703         21.6
   820     3.8034    2.610e-03       0.3821         22.1
   840     3.7543    2.589e-03       0.3591         22.6
   860     3.7785    2.568e-03       0.3656         23.2
   880     3.5811    2.546e-03       0.3530         23.7
   900     3.6845    2.524e-03       0.3676         24.2
   920     3.5502    2.501e-03       0.3586         24.7
   940     3.6757    2.479e-03       0.3618         25.3
   960     3.6738    2.455e-03       0.3606         25.8
   980     3.6270    2.432e-03       0.3596         26.3
  1000     3.6166    2.408e-03       0.3512         26.8
  1020     3.6451    2.383e-03       0.3577         27.4
  1040     3.5097    2.358e-03       0.3455         27.9
  1060     3.4794    2.333e-03       0.3603         28.4
  1080     3.5001    2.308e-03       0.3556         28.9
  1100     3.4942    2.282e-03       0.3524         29.5
  1120     3.3728    2.256e-03       0.3519         30.0
  1140     3.3711    2.230e-03       0.3458         30.5
  1160     3.4490    2.204e-03       0.3627         31.0
  1180     3.3827    2.177e-03       0.3567         31.6
  1200     3.3466    2.150e-03       0.3515         32.1
  1220     3.5776    2.122e-03       0.3493         32.6
  1240     3.3516    2.095e-03       0.3476         33.1
  1260     3.2695    2.067e-03       0.3660         33.7
  1280     3.2857    2.039e-03       0.3532         34.2
  1300     3.2918    2.011e-03       0.3578         34.7
  1320     3.4276    1.983e-03       0.3519         35.2
  1340     3.3499    1.954e-03       0.3501         35.8
  1360     3.4140    1.926e-03       0.3381         36.3
  1380     3.1904    1.897e-03       0.3478         36.8
  1400     3.4333    1.868e-03       0.3564         37.4
  1420     3.2612    1.839e-03       0.3432         37.9
  1440     3.1896    1.810e-03       0.3432         38.4
  1460     3.3254    1.781e-03       0.3497         38.9
  1480     3.3128    1.752e-03       0.3488         39.5
  1500     3.1605    1.723e-03       0.3512         40.0
  1520     3.2313    1.694e-03       0.3493         40.5
  1540     3.2187    1.665e-03       0.3551         41.0
  1560     3.2272    1.635e-03       0.3396         41.6
  1580     3.2236    1.606e-03       0.3722         42.1
  1600     3.1285    1.577e-03       0.3571         42.6
  1620     3.2310    1.548e-03       0.3521         43.1
  1640     3.2173    1.519e-03       0.3628         43.7
  1660     3.2330    1.490e-03       0.3704         44.2
  1680     3.2002    1.461e-03       0.3623         44.7
  1700     3.1965    1.432e-03       0.3559         45.2
  1720     3.1581    1.403e-03       0.3612         45.8
  1740     3.0813    1.374e-03       0.3543         46.3
  1760     3.1232    1.346e-03       0.3633         46.8
  1780     3.0525    1.317e-03       0.3457         47.3
  1800     3.2319    1.289e-03       0.3533         47.9
  1820     3.2154    1.261e-03       0.3575         48.4
  1840     3.0338    1.233e-03       0.3498         48.9
  1860     3.1595    1.205e-03       0.3620         49.4
  1880     3.2487    1.178e-03       0.3489         49.9
  1900     3.0605    1.150e-03       0.3553         50.5
  1920     3.1012    1.123e-03       0.3596         51.0
  1940     3.1733    1.096e-03       0.3750         51.5
  1960     3.0484    1.070e-03       0.3562         52.1
  1980     3.0129    1.044e-03       0.3604         52.6
  2000     3.0630    1.018e-03       0.3594         53.1
  2020     2.9471    9.920e-04       0.3632         53.6
  2040     3.1449    9.666e-04       0.3647         54.1
  2060     3.1729    9.415e-04       0.3790         54.7
  2080     3.0843    9.168e-04       0.3756         55.2
  2100     2.9793    8.924e-04       0.3673         55.7
  2120     2.9602    8.684e-04       0.3787         56.3
  2140     2.9847    8.447e-04       0.3617         56.8
  2160     3.0731    8.214e-04       0.3747         57.3
  2180     3.0604    7.985e-04       0.3664         57.8
  2200     3.0584    7.760e-04       0.3657         58.4
  2220     3.0780    7.539e-04       0.3637         58.9
  2240     2.9703    7.323e-04       0.3681         59.4
  2260     3.0023    7.110e-04       0.3705         59.9
  2280     3.0104    6.902e-04       0.3725         60.5
  2300     2.9442    6.699e-04       0.3755         61.0
  2320     2.9158    6.500e-04       0.3761         61.5
  2340     2.8909    6.306e-04       0.3743         62.0
  2360     2.9090    6.117e-04       0.3634         62.5
  2380     3.0474    5.932e-04       0.3756         63.1
  2400     2.8574    5.753e-04       0.3770         63.6
  2420     2.8372    5.578e-04       0.3743         64.1
  2440     2.9346    5.409e-04       0.3735         64.6
  2460     2.8715    5.245e-04       0.3706         65.2
  2480     2.9269    5.086e-04       0.3802         65.7
  2500     2.9718    4.932e-04       0.3764         66.2
  2520     2.9581    4.784e-04       0.3802         66.7
  2540     2.9653    4.642e-04       0.3813         67.2
  2560     2.9031    4.505e-04       0.3829         67.8
  2580     2.8473    4.373e-04       0.3777         68.3
  2600     2.8703    4.248e-04       0.3833         68.8
  2620     2.9356    4.128e-04       0.3846         69.3
  2640     2.8899    4.014e-04       0.3788         69.9
  2660     3.0317    3.905e-04       0.3859         70.4
  2680     2.9982    3.803e-04       0.3797         70.9
  2700     2.9612    3.707e-04       0.3812         71.4
  2720     2.8601    3.616e-04       0.3795         72.0
  2740     2.8186    3.532e-04       0.3771         72.5
  2760     2.8810    3.454e-04       0.3847         73.0
  2780     2.8762    3.382e-04       0.3937         73.5
  2800     2.8749    3.316e-04       0.3913         74.1
  2820     2.8595    3.256e-04       0.3882         74.6
  2840     2.7905    3.202e-04       0.3835         75.1
  2860     2.8363    3.155e-04       0.3912         75.6
  2880     2.8959    3.114e-04       0.3857         76.2
  2900     2.8918    3.079e-04       0.3880         76.7
  2920     2.8023    3.051e-04       0.3922         77.2
  2940     2.7547    3.029e-04       0.3803         77.8
  2960     2.8888    3.013e-04       0.3887         78.3
  2980     2.7840    3.003e-04       0.3890         78.8
  3000     2.7806    3.000e-04       0.3886         79.4
